1222.85
1222.61
1221.18
1217.76
1214.82
1211.21
1207.98
1205
1204.55
1204.25
1205.64
1207.96
1210.49
1213.92
1218.11
1220.36
1221.95
1222.47
1222.27
1219.95
1217.54
1214.71
1212.06
1208.4
1207.08
1205.82
1205.46
1206.22
1208.07
1210.31
1213.09
1215.56
1217.54
1219.46
1221.01
1220.17
1218.95
1217.24
1214.16
1211.91
1209.32
1207.99
1206.74
1206.07
1206.91
1208.06
1210.21
1212.63
1214.88
1216.04
1213.4
1209.18
1207.23
1205.2
1204.01
1201.4
1201.1
1197.15
1184.66
1157.12
1144.87
1147.09
1161.13
1182.72
1206.02
1227.16
1247.41
1271.39
1273.74
1272.42
1251.75
1220.95
1196.56
1168.16
1159.73
1150.47
1149.47
1154.05
1168.15
1186.76
1206.09
1225.78
1243.11
1263.32
1266.23
1267.42
1250.6
1224.61
1203.57
1176.98
1166.43
1157.99
1155.88
1158.35
1167.71
1184.02
1201.58
1218.88
1234.18
1253.69
1260.13
1264.34
1253.16
1233.42
1211.18
1185.77
1174.92
1165.17
1166.5
1161.34
1169.54
1180.65
1195.28
1211.14
1230.64
1238.96
1247.55
1256.43
1249.45
1239.93
1226.05
1203.69
1191.7
1179.71
1171.96
1169.4
1170.84
1176.56
1185
1197.39
1210.78
1222.91
1233.88
1245.99
1247.23
1247.57
1237.96
1225.75
1211.21
1193.98
1185.42
1178.58
1175.72
1176.53
1181.7
1189.12
1199.39
1210.32
1220.43
1229.54
1235.57
1242.14
1240.03
1234.91
1226.88
1213.82
1200.91
1192.56
1186.5
1184.87
1181.16
1183.01
1188.2
1195.57
1204.35
1214.05
1222.9
1230.19
1239.6
1240.35
1239.77
1232.69
1221.83
1211.73
1199.19
1192.81
1187
1187.87
1186.79
1191.4
1197.22
1204.79
1212.94
1220.93
1226.93
1233.52
1233.47
1233.07
1228.88
1221.56
1214.08
1204.54
1198.89
1194.41
1193.58
1190.93
1193.16
1196.77
1202.19
1206.62
1213.99
1220.12
1225.25
1231.21
1231.55
1231.43
1226.93
1220.42
1213.81
1205
1200.87
1197.19
1196.42
1195.13
1197.24
1200.85
1205.63
1210.13
1216.34
1223.06
1225.56
1228.25
1228.61
1226.99
1222
1216.47
1210.94
1205.73
1199.41
1198.53
1197.18
1198.72
1200.42
1204.03
1208.36
1212.94
1216.97
1220.11
1222.9
1224.5
1225.38
1222.72
1218.84
1214.98
1210.31
1206.49
1202.09
1201.27
1201.56
1201.43
1203.47
1206.55
1210.34
1214.34
1217.64
1221
1224.19
1223.51
1222.62
1220.29
1216.32
1212.63
1208.69
1206.01
1203.62
1202.5
1202.58
1203.42
1206.05
1208.83
1212.19
1215.3
1218.03
1220.1
1221.78
1222.1
1220.44
1218.07
1214.99
1211.23
1208.73
1206.45
1204.79
1203.75
1204.2
1205.25
1207.56
1209.8
1212.67
1215.05
1217.62
1218.95
1219.86
1220.25
1218.49
1216.62
1214.12
1210.75
1208.55
1206.97
1205.68
1205.53
1206.22
1208.13
1209.86
1212.18
1214.43
1216.49
1218.21
1219.41
1218.78
1217.76
1215.59
1212.99
1211.22
1209.12
1207.38
1206.55
1205.98
1206.49
1207.45
1208.9
1210.98
1212.87
1214.62
1216.03
1216.66
1217.03
1216.71
1214.92
1213.71
1211.8
1209.46
1208.68
1207.68
1207.27
1207.88
1208.72
1209.94
1211.34
1212.61
1214.73
1215.46
1216.02
1215.86
1215.36
1213.93
1212.41
1211.35
1209.67
1208.46
1207.43
1207.59
1207.86
1208.44
1209.6
1211.15
1212.24
1213.24
1214.39
1215.31
1215.14
1214.96
1214.37
1213.21
1212.44
1212.04
1211.62
1211.19
1211.26
1210.83
1211.29
1211.36
1212.1
1212.29
1212.78
1213.22
1214.02
1214.97
1215.08
1215.53
1215.22
1214.19
1213.73
1212.56
1211.42
1210.88
1210.21
0.28
1210.18
1210.32
1211.09
1212.13
1212.51
1213.34
1214.01
1214.25
1214.39
1213.82
1212.97
1212.3
1211.83
1211.14
1210.98
1211.1
1211.18
1211.51
1211.99
1212.13
1212.75
1212.85
1213.09
1213.01
1212.83
1212.4
1212.31
1211.74
1211.83
1211.37
1211.45
1211.79
1212.11
1212.2
1212.6
1212.79
1212.67
1212.6
1212.49
1212.33
1211.97
1211.67
1211.64
1211.35
1211.16
1211.77
1211.97
1212.38
1212.56
1212.91
1213.29
1212.78
1212.67
1212.2
1211.74
1211.19
1210.57
1210.78
1209.26
1204.24
1198.8
1192.05
1190.59
1191.76
1194.67
1200.5
1207.26
1214.18
1218.09
1220.57
1221.09
1221.32
1220.86
1218.57
1214.58
1210.13
1206.61
1202.22
1198.68
1195.8
1195.26
1197.54
1200.79
1205.35
1210.19
1213.45
1216.02
1218.3
1217.53
1218.11
1217.38
1214.79
1211.68
1208.56
1206.43
1205.33
1204.33
1203.95
1204.13
1205.29
1207.52
1210.11
1213.37
1215.98
1218.3
1220.01
1220.8
1220.9
1220.23
1218.23
1215.6
1212.8
1209.72
1206.16
1205.12
1203.87
1203.83
1204.85
1205.87
1208.77
1211.84
1214.8
1217.79
1219.85
1221.8
1221.12
1219.92
1217.97
1214.67
1211.79
1208.69
1206.25
1204.78
1204.15
1205.23
1206.73
1209.35
1212.24
1215.46
1218.51
1220.3
1221.27
1221.24
1220.58
1218.31
1215.91
1212.88
1210.2
1206.63
1205.66
1205.2
1206.08
1207.6
1209.24
1212.4
1215.28
1217.31
1220.53
1220.8
1221.06
1220.31
1218.9
1216.61
1214.37
1212
1210.36
1208.3
1208.43
1208.55
1209.67
1210.56
1212.7
1214.65
1217.5
1218.46
1219.63
1220.07
1219.85
1218.67
1216.94
1215.09
1213.15
1210.58
1209.27
1208.31
1207.81
1207.92
1208.77
1209.96
1212.07
1213.38
1215.46
1217.02
1218.48
1218.15
1218.11
1217.13
1215.25
1213.69
1211.93
1210.4
1209.04
1208.7
1207.94
1208.57
1209.4
1210.78
1212.27
1214.11
1215.12
1215.98
1216.46
1216.64
1216.38
1215.34
1214.36
1213.4
1212.23
1210.78
1210.64
1210.08
1210.08
1211.04
1211.79
1213.21
1214.88
1216.08
1217.05
1217.68
1218.24
1217.8
1216.95
1215.44
1214.06
1213.21
1211.87
1210.44
1209.5
1209.48
1209.7
1210.51
1211.54
1212.71
1214.19
1215.43
1215.88
1216.53
1216.3
1215.5
1214.65
1213.68
1211.42
1206.24
1199.69
1191.65
1187.1
1190.49
1195.47
1200.39
1205.72
1208.37
1208.15
1204.3
1200.17
1200.33
1204.13
1208.12
1211.02
1211.58
1209.16
1205.8
1203.44
1203.42
1205.8
1209.13
1211.56
1211.67
1208.96
1209.07
1210.94
1209.3
1210.15
1210.99
1211.23
1209.48
1208.12
1207.46
1208.32
1210.27
1212.1
1213.19
1212.39
1211.86
1210.43
1210.28
1210.47
1211.3
1211.92
1212.69
1213.74
1215.17
1216.39
1217.02
1217.14
1216.67
1215.28
1213.35
1211.68
1209.17
1207.42
1206.17
1205.83
1206.98
1208.46
1210.82
1214.67
1218.8
1222.33
1224.48
1225.98
1223.85
1221.11
1216.95
1213.76
1209.53
1206.2
1202.69
1203.27
1202.84
1204.15
1206.35
1209.42
1212.61
1215.08
1217.45
1219.88
1220.03
1220.24
1219.17
1217.03
1214.41
1211.83
1208.98
1206.34
1205.7
1205.06
1205.65
1206.79
1208.98
1211.22
1213.86
1216.09
1218.91
1219.21
1219.44
1218.57
1216.46
1213.9
1211.73
1209.87
1208.01
1207.07
1207.01
1207.21
1208.67
1210.58
1212.69
1214.95
1217.04
1218.82
1220.02
1219.07
1217.81
1215.82
1212.69
1210.56
1208.82
1207.4
1206.38
1206.55
1206.73
1208.25
1209.54
1211.39
1213.29
1214.73
1216.52
1217.39
1217.48
1217.2
1215.71
1214.11
1212.13
1210.29
1208.77
1206.55
1206.13
1206.58
1206.31
1207.82
1208.62
1211.14
1212.65
1215
1216.18
1217.56
1218.44
1218
1217
1215.82
1213.4
1211.49
1209.39
1208.07
1207.13
1206.85
1207.48
1208.45
1210.13
1211.87
1213.28
1215.21
1216.1
1216.74
1216.64
1215.94
1215.27
1213.54
1212.05
1210.82
1209.74
1209.08
1208.97
1209.14
1210.18
1211.49
1212.98
1214.19
1215.41
1216.06
1216.02
1215.81
1215.24
1214.38
1213.1
1211.96
1210.63
1209.75
1209.35
1209.2
1209.96
1210.44
1211.92
1212.64
1213.47
1214.37
1214.72
1215.17
1214.94
1214
1213.16
1212.08
1211.29
1210.83
1209.94
1209.94
1210.11
1210.98
1211.83
1213.07
1214.08
1215.22
1215.74
1216.03
1215.82
1214.78
1213.47
1212.42
1211.35
1210.42
1209.98
1209.92
1210.18
1210.74
1211.98
1212.8
1213.69
1214.45
1215.11
1215.11
1215.4
1214.73
1214.35
1213.2
1212.34
1211.06
1210.64
1209.97
1210.1
1210.51
1211.14
1212.15
1212.96
1213.93
1215.41
1215.97
1216.29
1216.62
1216.06
1215.04
1213.8
1212.71
1211.88
1211.05
1210.78
1210.64
1210.8
1211.65
1212.19
1212.81
1213.46
1214.37
1214.75
1214.79
1214.53
1214.4
1213.39
1213
1212.07
1211.63
1211.48
1211.42
1211.47
1212.06
1212.75
1213.29
1214.08
1214.56
1215.01
1215.31
1215.11
1214.54
1214.07
1213.45
1213.03
1212.09
1213.77
1226.35
1247.67
1247.88
1245.01
1234.14
1218.54
1202.54
1192.63
1183.7
1181.57
1176.41
1177.89
1182.35
1189.63
1199.15
1210.06
1220.11
1230.74
1233.73
1235.82
1237.84
1230.97
1224.28
1215.71
1202.85
1195.53
1188.92
1184.1
1184.4
1182.84
1189.07
1195.79
1205.48
1212.05
1222.4
1230.54
1239.23
1239.75
1239.27
1231.68
1221.08
1211.1
1198.04
1191.4
1188.56
1183.4
1183.64
1186.31
1191.8
1198.58
1206.96
1214.31
1221.05
1225.26
1227.1
1230.1
1227.65
1222.68
1217.44
1209.6
1201.35
1197
1193.21
1190.62
1191.51
1192.33
1196.39
1201.81
1206.89
1214.07
1220.9
1226.47
1232.65
1232.48
1231.47
1226.1
1218.19
1211.39
1203.87
1197.72
1193.56
1191.71
1192.45
1195.29
1198.34
1203.62
1208.86
1214.12
1218.84
1222.57
1225.66
1227.7
1225.08
1221.86
1216.86
1212.16
1205.58
1202.65
1199.8
1199.66
1198.77
1200.43
1202.95
1207.24
1210.8
1214.91
1218.38
1220.74
1222.67
1223.46
1221.32
1218.38
1215.26
1210.36
1207.38
1204.37
1202.51
1201.6
1202.02
1203.36
1205.61
1208.13
1211.59
1214.13
1216.62
1218.47
1219.49
1219.79
1218.48
1216.22
1213.92
1211.28
1207.46
1205.98
1204.18
1203.57
1203.91
1205.33
1207.32
1209.61
1212.19
1215.15
1216.84
1218.58
1218.59
1218.44
1216.52
1214.38
1212.02
1209.86
1206.58
1205.55
1205.18
1204.33
1204.98
1206.42
1208.31
1210.43
1213.07
1215.11
1217.05
1218.07
1217.93
1217.28
1215.17
1212.92
1210.65
1208.08
1205.94
1204.84
1203.86
1204.61
1205.43
1207.36
1209.28
1212.05
1213.84
1215.96
1217.2
1217.58
1216.8
1215.89
1213.88
1211.53
1209.4
1207.38
1205.81
1205.26
1204.94
1205.93
1206.96
1209.22
1211.32
1213.57
1215.39
1216.92
1217.71
1217.6
1217.26
1215.65
1213.98
1212.32
1210.3
1208.35
1207.15
1206.26
1206.23
1206.48
1207.7
1209.27
1210.82
1213.06
1214.17
1215.05
1215.34
1214.67
1213.67
1212.56
1211.46
1210.12
1208.62
1208.02
1207.44
1207.66
1208.12
1208.7
1209.84
1210.98
1212.39
1213.14
1213.93
1213.93
1213.48
1212.66
1211.5
1209.99
1208.48
1207.6
1206.69
1206.71
1207.06
1207.98
1209.61
1211.03
1212.59
1213.29
1214.62
1214.7
1214.11
1212.9
1211.39
1209.78
1208.42
1207.1
1206.73
1206.5
1207.25
1207.95
1209.41
1210.17
1211.96
1213.21
1213.99
1214.75
1215.13
1214.74
1213.42
1212.38
1210.44
1208.92
1207.72
1207.19
1207.23
1207.54
1208.32
1209.08
1210.74
1211.5
1212.99
1214.18
1214.99
1215.09
1215.13
1214.22
1213.2
1211.43
1210.39
1208.57
1207.88
1207.56
1207.24
1208.23
1209.02
1210.75
1211.94
1213.34
1214.46
1214.91
1214.92
1214.4
1213.73
1212.63
1211.52
1210.28
1209.05
1208.37
1207.71
1208.04
1208.25
1209.27
1210.51
1211.73
1213.2
1214.29
1215.02
1215.39
1215.16
1214.36
1213.19
1211.79
1210.16
1209.32
1208.58
1208.26
1208.52
1208.77
1209.83
1210.96
1212.34
1213.53
1214.74
1215.47
1215.82
1215.63
1215.29
1214.26
1212.84
1211.74
1210.24
1209.23
1208.19
1208.04
1207.6
1207.79
1208.66
1209.75
1210.84
1212.51
1213.81
1214.46
1215.05
1214.49
1213.81
1212.47
1210.76
1208.84
1207.91
1207.42
1206.7
1206.82
1207.73
1208.88
1210.71
1212.54
1214.74
1216.22
1216.88
1216.06
1214.27
1210.87
1207.72
1204.88
1202.79
